474 474 11878
0 0 1
0 3 -0.0112433921059041
0 4 -0.238293159768211
0 5 -0.971128187286125
0 9 0.00829906400180113
0 10 0.749752661521561
0 11 -0.661666133392083
0 21 -0.997939411617309
0 22 0.0549994234493576
0 23 -0.0330453349375884
0 87 -0.0174882678999141
0 88 0.999425398478296
0 89 0.0290350368065833
1 1 1.25
1 2 1.33018054036815e-17
1 3 0.392423728881995
1 4 0.914135119437049
1 5 -0.122786698070102
1 9 -0.373355497924932
1 10 0.687493057156542
1 11 0.633124761378575
1 21 0.0089364631011659
1 22 -0.292943679392523
1 23 -0.689465065714389
1 87 0.946158267664892
1 88 -0.230445739536639
1 89 0.315301657784232
2 1 1.07945878798088e-17
2 2 1.25
2 3 0.919715827385994
2 4 -0.324949026154691
2 5 0.317669506426551
2 9 -0.927651226326964
2 10 -0.0677278303592619
2 11 -0.43923512143248
2 21 0.0635379443178693
2 22 0.687461315920993
2 23 -0.291320800493863
2 87 -0.323231639873374
2 88 0.048173638307622
2 89 0.943942329522391
3 0 -0.0112433921059041
3 1 0.392423728881995
3 2 0.919715827385994
3 3 2
3 4 -3.0882251192941e-17
3 5 2.79285154347961e-19
3 9 -0.999782381471916
3 10 0.011456244260926
3 11 0.0174339945445421
3 18 -0.0229133400713424
3 19 -0.682225570655547
3 20 0.730782628139509
3 21 0.0731639573046388
3 22 0.691038532761353
3 23 -0.719105542733862
3 84 -0.028365852519091
3 85 -0.950565467662323
3 86 -0.309225920806739
3 87 0.0742103278593661
3 88 -0.0389008722862765
3 89 0.996483592125015
4 0 -0.238293159768211
4 1 0.914135119437049
4 2 -0.324949026154691
4 3 -3.0882251192941e-17
4 4 2.55115868360128
4 5 2.02457087133784e-17
4 9 0.0207588039123742
4 10 0.341791375000717
4 11 0.652997288527501
4 18 -0.226648417821564
4 19 0.667928400833906
4 20 0.702688733301377
4 21 0.221401897153101
4 22 -0.76846703822403
4 23 -0.634697858262221
4 84 -0.966889767898529
4 85 -0.149388257869826
4 86 -0.3133148330146
4 87 0.972345559357358
4 88 -0.213374475650928
4 89 -0.338124772775498
5 0 -0.971128187286125
5 1 -0.122786698070102
5 2 0.317669506426551
5 3 2.79285154347961e-19
5 4 2.02454175458028e-17
5 5 2.55115868360128
5 9 -0.0020644026915017
5 10 -0.653210879074106
5 11 0.341964269222756
5 18 -0.973707077896509
5 19 -0.334260123958844
5 20 0.0279486147488025
5 21 0.972434180440266
5 22 -0.0645606275631988
5 23 0.393758865951808
5 84 0.253613002710813
5 85 0.356500578337326
5 86 -0.893253883131225
5 87 -0.221442860433635
5 88 -0.996290960062565
5 89 0.0362144669698026
6 6 1
6 9 -0.00829906400180113
6 10 -0.749752661521561
6 11 0.661666133392083
6 15 -0.00245837800572485
6 16 0.928313874940626
6 17 -0.371789330092058
6 27 -0.998439713611521
6 28 0.0525267905697516
6 29 -0.0189492626713019
6 96 0.00246258293416253
6 97 -0.468829152284336
6 98 -0.88328543611544
7 7 1.25
7 8 1.0448998437329e-17
7 9 0.793968760146602
7 10 -0.257378949297739
7 11 -0.581979176794533
7 15 -0.793776085369436
7 16 0.410990120901459
7 17 0.490162144876164
7 27 0.0462094706834409
7 28 0.438877050699722
7 29 -0.605414024799836
7 96 0.644156012907538
7 97 0.752718476472107
7 98 -0.214360641567377
8 7 1.0448998437329e-17
8 8 1.25
8 9 0.607901911041546
8 10 0.634572544342275
8 11 0.496756648751736
8 15 -0.608205132067425
8 16 -0.153180865407913
8 17 -0.793191144255667
8 27 0.0313500096092611
8 28 0.60493122212846
8 29 0.440768798891479
8 96 -0.764890166442449
8 97 0.478277620025953
8 98 -0.473731670406313
9 0 0.00829906400180113
9 1 -0.373355497924932
9 2 -0.927651226326964
9 3 -0.999782381471916
9 4 0.0207588039123742
9 5 -0.0020644026915017
9 6 -0.00829906400180113
9 7 0.793968760146602
9 8 0.607901911041546
9 9 2
9 10 -1.54424586298454e-18
9 11 1.00276174478652e-18
9 15 -0.999942074187447
9 16 -0.00985315577755351
9 17 0.00433169607995176
9 21 -0.0705594926425211
9 22 -0.705944571913088
9 23 0.704743655086355
9 27 0.0640327219834049
9 28 0.956627860642995
9 29 -0.284188224170183
9 87 -0.0535523002781879
9 88 0.0363575667452058
9 89 -0.997902940408175
9 96 0.0464411198585451
9 97 0.886248260342981
9 98 -0.460876603252241
10 0 0.749752661521561
10 1 0.687493057156542
10 2 -0.0677278303592619
10 3 0.011456244260926
10 4 0.341791375000717
10 5 -0.653210879074106
10 6 -0.749752661521561
10 7 -0.257378949297739
10 8 0.634572544342275
10 9 -1.54424586298454e-18
10 10 2.50102004036811
10 11 2.94399287553849e-17
10 15 0.00782880552877341
10 16 -0.702932046260962
10 17 -0.250379829141492
10 21 -0.758031943893841
10 22 -0.54844980035817
10 23 -0.354648221963411
10 27 0.7461185301992
10 28 -0.0340202940281446
10 29 0.714039566096011
10 87 0.647863627822912
10 88 0.745541579529051
10 89 0.155667927540908
10 96 -0.663107734054827
10 97 0.524679468237971
10 98 0.57997539817326
11 0 -0.661666133392083
11 1 0.633124761378575
11 2 -0.43923512143248
11 3 0.0174339945445421
11 4 0.652997288527501
11 5 0.341964269222756
11 6 0.661666133392083
11 7 -0.581979176794533
11 8 0.496756648751736
11 9 1.00276174478652e-18
11 10 2.94399287553849e-17
11 11 2.50102004036811
11 15 -0.00738634373005094
11 16 0.250312943615898
11 17 -0.702960346884779
11 21 0.648389489454104
11 22 -0.444075107857004
11 23 -0.61140117400524
11 27 -0.662726904093068
11 28 0.417242063269477
11 29 0.668558383577855
11 87 0.759871614734392
11 88 -0.645116526171234
11 89 0.127217711239124
11 96 -0.747081893384493
11 97 -0.112026063107734
11 98 -0.698707986762318
12 12 1
12 15 0.00245837800572485
12 16 -0.928313874940626
12 17 0.371789330092058
12 33 -0.997632583102567
12 34 0.0678937409148329
12 35 -0.0109393362088379
12 105 0.00696012521511963
12 106 -0.998169224723078
12 107 0.0600812406056916
13 13 1.25
13 14 -8.80914265144472e-18
13 15 0.873070570030256
13 16 0.0260776878715385
13 17 -0.536011562364954
13 33 0.0593167815524608
13 34 0.575492072733232
13 35 -0.476909062155673
13 105 0.53831270425512
13 106 0.0884280834956817
13 107 -0.851065472284697
14 13 -1.02118292120978e-17
14 14 1.25
14 15 0.487587670193397
14 16 0.440670232173583
14 17 0.764588625948118
14 33 0.0347958123681289
14 34 0.475836000105693
14 35 0.57825241283073
14 105 -0.842716434570092
14 106 -0.25023822883353
14 107 -0.52518373305834
15 6 -0.00245837800572485
15 7 -0.793776085369436
15 8 -0.608205132067425
15 9 -0.999942074187447
15 10 0.00782880552877341
15 11 -0.00738634373005094
15 12 0.00245837800572485
15 13 0.873070570030256
15 14 0.487587670193397
15 15 2
15 16 -1.37917614930162e-17
15 17 2.91294931637278e-19
15 27 -0.0532926672488264
15 28 -0.957324907955792
15 29 0.284057938148083
15 33 0.0663011873673363
15 34 0.981502027307108
15 35 -0.179604907910996
15 96 -0.0461115675544476
15 97 -0.881246797654789
15 98 0.470401748467043
15 105 0.0591039472115744
15 106 -0.0620208937829622
15 107 -0.99632330704364
16 6 0.928313874940626
16 7 0.410990120901459
16 8 -0.153180865407913
16 9 -0.00985315577755351
16 10 -0.702932046260962
16 11 0.250312943615898
16 12 -0.928313874940626
16 13 0.0260776878715385
16 14 0.440670232173583
16 15 -1.37917614930162e-17
16 16 2.51419989478153
16 17 -2.04486203052395e-17
16 27 -0.925795513466146
16 28 -0.284303582196422
16 29 -0.301264343191618
16 33 0.926814801813748
16 34 -0.225319992740367
16 35 0.424171399547137
16 96 0.373574781267443
16 97 -0.362687583352699
16 98 -0.845337778975984
16 105 -0.377458188613465
16 106 0.930532081659726
16 107 -0.177132044182924
17 6 -0.371789330092058
17 7 0.490162144876164
17 8 -0.793191144255667
17 9 0.00433169607995176
17 10 -0.250379829141492
17 11 -0.702960346884779
17 12 0.371789330092058
17 13 -0.536011562364954
17 14 0.764588625948118
17 15 2.91294931637328e-19
17 16 -2.30506840642076e-17
17 17 2.51419989478153
17 27 0.374249327138288
17 28 -0.187730061343454
17 29 -0.898227781147598
17 33 -0.369619365959934
17 34 0.286916312998351
17 35 0.907713632438456
17 96 0.926453240125292
17 97 0.344931525337217
17 98 0.234810418167795
17 105 -0.924138539004112
17 106 -0.401186617411379
17 107 -0.266882258242668
18 3 -0.0229133400713424
18 4 -0.226648417821564
18 5 -0.973707077896509
18 18 2
18 19 -1.75096996577576e-18
18 20 1.18732020876701e-18
18 24 0.0792345357269083
18 25 -0.967674793775165
18 26 0.239431371879992
18 39 -0.999953496993784
18 40 -0.00930979758706571
18 41 -0.00251625093955568
18 84 -0.0271507832588608
18 85 -0.286618644573153
18 86 0.957659954029341
18 111 0.0798508994493197
18 112 -0.99072211663306
18 113 -0.109970548199249
19 3 -0.682225570655547
19 4 0.667928400833906
19 5 -0.334260123958844
19 18 -1.75096996577577e-18
19 19 2.56123813401062
19 20 -5.7313637343015e-17
19 24 0.676715845225435
19 25 0.0470728872637986
19 26 -0.783977124521049
19 39 0.00957026495259187
19 40 -0.727228001821521
19 41 -0.102742266720522
19 84 -0.710610887437845
19 85 0.61758817764579
19 86 0.37093246637319
19 111 0.705017599794162
19 112 0.16441046536779
19 113 0.744713270897041
20 3 0.730782628139509
20 4 0.702688733301377
20 5 0.0279486147488025
20 18 1.18732020876702e-18
20 19 -5.67444312024601e-17
20 20 2.56123813401062
20 24 -0.731968273334962
20 25 -0.412172006051514
20 26 -0.612047236909806
20 39 0.0011890662892125
20 40 0.102764509211125
20 41 -0.727282486375997
20 84 -0.703061164923244
20 85 -0.726460672388983
20 86 -0.0333058660138097
20 111 0.70468008190782
20 112 0.323644375374784
20 113 -0.690886941322824
21 0 -0.997939411617309
21 1 0.0089364631011659
21 2 0.0635379443178693
21 3 0.0731639573046388
21 4 0.221401897153101
21 5 0.972434180440266
21 9 -0.0705594926425211
21 10 -0.758031943893841
21 11 0.648389489454104
21 21 2
21 22 6.13767150920367e-18
21 23 -5.54650066328016e-18
21 24 -0.129244397211514
21 25 0.9637891057212
21 26 -0.233251892773803
21 30 0.0704810040495145
21 31 -0.856951002526865
21 32 -0.510555978651092
21 42 -0.998073324728272
21 43 -0.0510749121836775
21 44 -0.0352277136823182
21 87 0.00537006628904891
21 88 -0.999407160098857
21 89 0.0340072158693955
21 117 -0.033996087836317
21 118 0.9252485261806
21 119 -0.377835190013386
22 0 0.0549994234493576
22 1 -0.292943679392523
22 2 0.687461315920993
22 3 0.691038532761353
22 4 -0.76846703822403
22 5 -0.0645606275631988
22 9 -0.705944571913088
22 10 -0.54844980035817
22 11 -0.444075107857004
22 21 6.13767150920368e-18
22 22 2.50541375828972
22 23 1.8119728807664e-17
22 24 -0.683391149228135
22 25 0.247060880666697
22 26 0.661451600042224
22 30 0.718960970050097
22 31 0.56161312311814
22 32 -0.486699378973542
22 42 0.0578801262289067
22 43 -0.420227990059843
22 44 -0.617674791350804
22 87 -0.667764576688681
22 88 -0.146809932522391
22 89 0.750800518324147
22 117 0.704264196671449
22 118 -0.410194423975313
22 119 -0.592258695866181
23 0 -0.0330453349375884
23 1 -0.689465065714389
23 2 -0.291320800493863
23 3 -0.719105542733862
23 4 -0.634697858262221
23 5 0.393758865951808
23 9 0.704743655086355
23 10 -0.354648221963411
23 11 -0.61140117400524
23 21 -5.54650066328014e-18
23 22 1.80790712261958e-17
23 23 2.50541375828972
23 24 0.718520996872103
23 25 0.0704416592079239
23 26 0.668933199247826
23 30 -0.691467679369611
23 31 0.18267141323009
23 32 -0.745121486598792
23 42 -0.0223501555605231
23 43 0.618236831216161
23 44 -0.422572442319076
23 87 -0.744353163832759
23 88 -0.214644182361791
23 89 -0.661763212176614
23 117 0.709123548684251
23 118 0.118817903683581
23 119 0.706039047376723
24 18 0.0792345357269083
24 19 0.676715845225435
24 20 -0.731968273334962
24 21 -0.129244397211514
24 22 -0.683391149228135
24 23 0.718520996872103
24 24 2
24 25 -2.73807732799469e-17
24 26 7.14165627108771e-18
24 30 -0.997274884741445
24 31 0.0733742094297635
24 32 -0.00768307584849441
24 39 -0.0736248599449724
24 40 -0.773174583817292
24 41 0.629905106295417
24 42 0.0733815631927609
24 43 0.983832412951987
24 44 0.163367467411535
24 111 -0.03237993291885
24 112 -0.191473665956931
24 113 0.980963493300941
24 117 0.0326260442625148
24 118 0.256036627629146
24 119 0.966116342139017
25 18 -0.967674793775165
25 19 0.0470728872637986
25 20 -0.412172006051514
25 21 0.9637891057212
25 22 0.247060880666696
25 23 0.0704416592079239
25 24 -2.73807732799469e-17
25 25 2.50223803738724
25 26 5.67455958727626e-17
25 30 -0.0468041541290976
25 31 -0.530152528442919
25 32 -0.525989297578468
25 39 0.966180616716081
25 40 0.286971484638088
25 41 0.0799271424730203
25 42 -0.962735276927857
25 43 0.351997030365226
25 44 -0.210991397686909
25 111 -0.319494081984154
25 112 0.908861245182812
25 113 0.249224059608502
25 117 0.205804811209845
25 118 0.938627677321422
25 119 -0.309884967639494
26 18 0.239431371879992
26 19 -0.783977124521049
26 20 -0.612047236909806
26 21 -0.233251892773803
26 22 0.661451600042224
26 23 0.668933199247826
26 24 7.1416562710877e-18
26 25 2.2019521436382e-17
26 26 2.50223803738724
26 30 0.0570278477605126
26 31 0.523139739521469
26 32 -0.532031384457888
26 39 -0.24713234486853
26 40 0.566495665131318
26 41 0.764996366283302
26 42 0.260299697929195
26 43 0.077639295915043
26 44 -0.983653743982172
26 111 -0.947034884004425
26 112 -0.3512021480228
26 113 0.144347600870784
26 117 0.978049038095054
26 118 -0.272636110180983
26 119 -0.218271528105053
27 6 -0.998439713611521
27 7 0.0462094706834409
27 8 0.0313500096092611
27 9 0.0640327219834049
27 10 0.7461185301992
27 11 -0.662726904093068
27 15 -0.0532926672488264
27 16 -0.925795513466146
27 17 0.374249327138288
27 27 2
27 28 2.50869071239189e-18
27 29 -2.10683504978606e-18
27 30 -0.0636088098977331
27 31 0.866676309219069
27 32 0.494799044402682
27 36 0.0553798406719059
27 37 -0.995303846604153
27 38 -0.0793934895449888
27 48 -0.998991976604731
27 49 -0.0357390759418097
27 50 0.0271615376994464
27 96 0.00332805372648304
27 97 0.51716182536888
27 98 0.85588116607361
27 126 -0.0038813225242763
27 127 -0.406902544844681
27 128 0.913463329496256
28 6 0.0525267905697516
28 7 0.438877050699722
28 8 0.60493122212846
28 9 0.956627860642995
28 10 -0.0340202940281446
28 11 0.417242063269477
28 15 -0.957324907955792
28 16 -0.284303582196422
28 17 -0.187730061343454
28 27 2.50869071239189e-18
28 28 2.5052116391202
28 29 -6.99988027610954e-18
28 30 -0.961781028619079
28 31 0.0285363626361787
28 32 0.31864090783564
28 36 0.955872071287568
28 37 0.316233601974023
28 38 -0.268691000199706
28 48 0.0412620051957401
28 49 -0.724244277874172
28 50 0.180692964497583
28 96 -0.240060278546344
28 97 0.863349118613081
28 98 -0.449848732277847
28 126 0.278781785823649
28 127 0.904536477847285
28 128 0.327219964388169
29 6 -0.0189492626713019
29 7 -0.605414024799836
29 8 0.440768798891479
29 9 -0.284188224170183
29 10 0.714039566096011
29 11 0.668558383577855
29 15 0.284057938148083
29 16 -0.301264343191618
29 17 -0.898227781147598
29 27 -2.10683504978606e-18
29 28 -6.99988027610954e-18
29 29 2.5052116391202
29 30 0.26632906768098
29 31 -0.514075816593621
29 32 0.798364309178557
29 36 -0.288516302103657
29 37 -0.0112346672698402
29 38 -0.974658931597419
29 48 -0.0176770361373056
29 49 -0.181791234566044
29 50 -0.724867537646589
29 96 -0.97075227876253
29 97 -0.0770763887305697
29 98 0.337020195437237
29 126 0.960346630768516
29 127 -0.157476301003554
29 128 -0.330940048495103
30 21 0.0704810040495145
30 22 0.718960970050097
30 23 -0.691467679369611
30 24 -0.997274884741445
30 25 -0.0468041541290976
30 26 0.0570278477605126
30 27 -0.0636088098977331
30 28 -0.961781028619079
30 29 0.26632906768098
30 30 2
30 31 -2.26912477376955e-18
30 32 -2.54116789866302e-18
30 36 -0.999702547458704
30 37 0.00640722864774316
30 38 0.0235321912628901
30 42 -0.0132772481427438
30 43 -0.978482794898428
30 44 -0.205900788656862
30 48 0.0191517683753546
30 49 0.869884141090263
30 50 -0.492884155606317
30 117 0.0136063770109563
30 118 -0.311348576627703
30 119 -0.9501983636781
30 126 -0.0121119235999848
30 127 -0.88564833739476
30 128 -0.464198582264752
31 21 -0.856951002526865
31 22 0.56161312311814
31 23 0.18267141323009
31 24 0.0733742094297635
31 25 -0.530152528442919
31 26 0.523139739521469
31 27 0.866676309219069
31 28 0.0285363626361787
31 29 -0.514075816593621
31 30 -2.26912477376955e-18
31 31 2.50779876495582
31 32 -7.67459950765016e-17
31 36 0.00423902146997823
31 37 -0.676466999332797
31 38 0.318833499182094
31 42 0.871054557515471
31 43 0.30420267365063
31 44 -0.436112906641791
31 48 -0.865273025962177
31 49 0.453405745576259
31 50 0.321754784100738
31 117 0.541571411841067
31 118 -0.756183925468135
31 119 0.401302449743372
31 126 -0.499809273736093
31 127 -0.507311236575593
31 128 0.708981325976368
32 21 -0.510555978651092
32 22 -0.486699378973542
32 23 -0.745121486598792
32 24 -0.00768307584849441
32 25 -0.525989297578468
32 26 -0.532031384457888
32 27 0.494799044402682
32 28 0.31864090783564
32 29 0.798364309178557
32 30 -2.54116789866302e-18
32 31 -2.12326485078981e-17
32 32 2.50779876495582
32 36 -0.0240176456288867
32 37 -0.318799600732669
32 38 -0.676096067460952
32 42 0.491006794773027
32 43 -0.0641137127634878
32 44 0.873740571155784
32 48 -0.500934926223312
32 49 -0.309901349573338
32 50 -0.823933411177348
32 117 -0.840544628429157
32 118 -0.586993063971836
32 119 -0.0459414331848233
32 126 0.866050801739775
32 127 -0.0468601843161298
32 128 0.538055291436964
33 12 -0.997632583102567
33 13 0.0593167815524608
33 14 0.0347958123681289
33 15 0.0663011873673363
33 16 0.926814801813748
33 17 -0.369619365959934
33 33 2
33 34 7.63821488523141e-18
33 35 2.1188203364572e-18
33 36 -0.0683646256511345
33 37 0.994113677845172
33 38 0.0840492324814749
33 54 -0.998342729554681
33 55 -0.0563059682660999
33 56 0.0118925305518493
33 105 -0.00433567354870124
33 106 0.991695383506419
33 107 -0.128535863738237
33 135 0.00675584999909569
33 136 -0.190995119016735
33 137 0.981567737348051
34 12 0.0678937409148329
34 13 0.575492072733232
34 14 0.475836000105693
34 15 0.981502027307108
34 16 -0.225319992740367
34 17 0.286916312998351
34 33 7.63821488523141e-18
34 34 2.50390398283159
34 35 1.40133130793751e-17
34 36 -0.980508671124959
34 37 0.163821008348243
34 38 0.195956841788033
34 54 0.0568133566304003
34 55 -0.74631328216121
34 56 0.0356560596096951
34 105 -0.121129965880403
34 106 -0.097582206995379
34 107 -0.987193899070942
34 135 0.181967586946382
34 136 0.9758244125949
34 137 0.141969030209395
35 12 -0.0109393362088379
35 13 -0.476909062155673
35 14 0.57825241283073
35 15 -0.179604907910996
35 16 0.424171399547137
35 17 0.907713632438456
35 33 2.1188203364572e-18
35 34 1.40133130793751e-17
35 35 2.50390398283158
35 36 0.184198327376628
35 37 -0.115023023365139
35 38 0.959647639890879
35 54 -0.00916716170342101
35 55 -0.0364022992653341
35 56 -0.748247980893689
35 105 -0.99262718746803
35 106 0.26031651229278
35 107 0.0882701490543489
35 135 0.983281320778393
35 136 -0.130389915651277
35 137 -0.284250427766006
36 27 0.0553798406719059
36 28 0.955872071287568
36 29 -0.288516302103657
36 30 -0.999702547458704
36 31 0.00423902146997823
36 32 -0.0240176456288867
36 33 -0.0683646256511345
36 34 -0.980508671124959
36 35 0.184198327376628
36 36 2
36 37 -1.37021823997065e-17
36 38 3.77968354979207e-19
36 48 -0.0107827050264637
36 49 -0.858470975794945
36 50 0.5127487854593
36 54 0.0108567623131546
36 55 0.972732612729937
36 56 -0.231675192551265
36 126 -0.0108108826175302
36 127 0.889499537380741
36 128 0.456808163036166
36 135 0.0022361166073068
36 136 -0.966229239673987
36 137 -0.257674321928954
37 27 -0.995303846604153
37 28 0.316233601974023
37 29 -0.0112346672698402
37 30 0.00640722864774316
37 31 -0.676466999332797
37 32 -0.318799600732669
37 33 0.994113677845172
37 34 0.163821008348243
37 35 -0.115023023365139
37 36 -1.37021823997065e-17
37 37 2.50112446792041
37 38 -9.93119497701765e-19
37 48 0.996365647212976
37 49 0.16289727627332
37 50 -0.195452166908015
37 54 -0.996509816930117
37 55 0.272638086399007
37 56 0.0203840995522296
37 126 0.0827876937115105
37 127 0.43634780816077
37 128 -0.893174295594874
37 135 -0.0773437999563047
37 136 -0.275970436750498
37 137 0.958831477997416
38 27 -0.0793934895449888
38 28 -0.268691000199706
38 29 -0.974658931597419
38 30 0.0235321912628901
38 31 0.318833499182094
38 32 -0.676096067460952
38 33 0.0840492324814749
38 34 0.195956841788033
38 35 0.959647639890879
38 36 3.77968354979207e-19
38 37 -9.9313786531189e-19
38 38 2.50112446792041
38 48 0.0844939662116772
38 49 0.527036350804878
38 50 0.842689006038403
38 54 -0.0827666326122946
38 55 -0.210474612502083
38 56 -0.977101605924179
38 126 -0.996508566238625
38 127 0.250576647522398
38 128 0.0358654940461811
38 135 0.997001974115817
38 136 0.223988710152847
38 137 0.139825353865334
39 18 -0.999953496993784
39 19 0.00957026495259187
39 20 0.0011890662892125
39 24 -0.0736248599449724
39 25 0.966180616716081
39 26 -0.24713234486853
39 39 2
39 40 -2.79653532186707e-18
39 41 -4.51502469651314e-19
39 45 0.0762094821554515
39 46 -0.207391782081378
39 47 -0.975284965307427
39 60 -0.99997648945145
39 61 0.00360048125214893
39 62 -0.00583584433543545
39 111 -0.0722620695860996
39 112 0.990626338168049
39 113 0.115920884343138
39 144 0.073323988160759
39 145 0.475348108532515
39 146 0.876737000744671
40 18 -0.00930979758706571
40 19 -0.727228001821521
40 20 0.102764509211125
40 24 -0.773174583817292
40 25 0.286971484638088
40 26 0.566495665131318
40 39 -2.79653532186707e-18
40 40 2.50240831921182
40 41 -1.09138501187822e-16
40 45 0.781524241134579
40 46 0.672452054332679
40 47 0.119442405845928
40 60 0.00683055919891842
40 61 0.446418602411741
40 62 -0.598462354204549
40 111 -0.600207690830229
40 112 0.199124345677273
40 113 -0.766111598222229
40 144 0.610118845517997
40 145 0.613650980926766
40 146 -0.558358707135513
41 18 -0.00251625093955568
41 19 -0.102742266720522
41 20 -0.727282486375997
41 24 0.629905106295417
41 25 0.0799271424730203
41 26 0.764996366283302
41 39 -4.51502469651314e-19
41 40 -1.6464965241908e-16
41 41 2.50240831921182
41 45 -0.619202693266607
41 46 0.739041008280454
41 47 -0.365084757990092
41 60 -0.000603328587567123
41 61 0.59848869645879
41 62 0.446431808126725
41 111 -0.796573236537218
41 112 0.0746660059190143
41 113 0.603549556761729
41 144 0.788909745854357
41 145 -0.669956796528618
41 146 0.0714608992444327
42 21 -0.998073324728272
42 22 0.0578801262289067
42 23 -0.0223501555605231
42 24 0.0733815631927609
42 25 -0.962735276927857
42 26 0.260299697929195
42 30 -0.0132772481427438
42 31 0.871054557515471
42 32 0.491006794773027
42 42 2
42 43 -1.66585614172475e-18
42 44 4.37453473005867e-19
42 45 -0.0757813045152812
42 46 0.220687639370309
42 47 0.972396091988817
42 51 0.00757269881012732
42 52 0.592414315664355
42 53 -0.805597872904754
42 63 -0.999990418239782
42 64 0.000421007973995896
42 65 -0.00435731349705697
42 117 0.0588444673916666
42 118 -0.944161339980355
42 119 0.324186200730217
42 150 -0.0606355861127036
42 151 0.961248137847599
42 152 0.268933715218625
43 21 -0.0510749121836775
43 22 -0.420227990059843
43 23 0.618236831216161
43 24 0.983832412951987
43 25 0.351997030365226
43 26 0.077639295915043
43 30 -0.978482794898428
43 31 0.30420267365063
43 32 -0.0641137127634878
43 42 -1.66585614172474e-18
43 43 2.49986760243103
43 44 -4.08269880576573e-18
43 45 -0.981335109241156
43 46 0.20766618628995
43 47 0.129353100456239
43 51 0.980850619889011
43 52 -0.307015217795478
43 53 0.0883629138055355
43 63 0.00415019856830644
43 64 0.305633412738518
43 65 -0.684274959759213
43 117 0.191460191370274
43 118 0.38018362897775
43 119 0.922632459084731
43 150 -0.182859520466684
43 151 0.294740498142961
43 152 -0.922706097943196
44 21 -0.0352277136823182
44 22 -0.617674791350804
44 23 -0.422572442319076
44 24 0.163367467411535
44 25 -0.210991397686909
44 26 -0.983653743982172
44 30 -0.205900788656862
44 31 -0.436112906641791
44 32 0.873740571155784
44 42 4.37453473005867e-19
44 43 -2.47672433777157e-18
44 44 2.49986760243103
44 45 -0.176744440525327
44 46 -0.934666917668374
44 47 0.243910656984095
44 51 0.19461427413238
44 52 0.761967310707864
44 53 0.622658001679604
44 63 -0.00139258050734623
44 64 0.684286633818531
44 65 0.305630711108398
44 117 -0.979734823193423
44 118 -0.226951638590444
44 119 0.283737159695887
44 150 0.981267405690957
44 151 -0.133495149599624
44 152 -0.224661947554376
45 39 0.0762094821554515
45 40 0.781524241134579
45 41 -0.619202693266607
45 42 -0.0757813045152812
45 43 -0.981335109241156
45 44 -0.176744440525327
45 45 2
45 46 -1.68889456714854e-18
45 47 1.75800933672154e-17
45 51 -0.997514010212341
45 52 -0.026224224872114
45 53 0.0654071055769143
45 60 -0.0704958601479155
45 61 -0.0287801344704036
45 62 -0.997096804508905
45 63 0.0719539736942487
45 64 -0.561615384288418
45 65 0.824263784112938
45 144 -0.00608438846462995
45 145 0.913121489610689
45 146 -0.407642153644795
45 150 0.0106079526840409
45 151 -0.341142693334776
45 152 0.939951665844658
46 39 -0.207391782081378
46 40 0.672452054332679
46 41 0.739041008280454
46 42 0.220687639370309
46 43 0.20766618628995
46 44 -0.934666917668374
46 45 -1.68889456714854e-18
46 46 2.50276519626639
46 47 1.2712905747103e-17
46 51 -0.0323323910369492
46 52 -0.490655736391678
46 53 -0.565665496140512
46 60 0.211164227182214
46 61 0.960592682652529
46 62 0.0110179157013375
46 63 -0.218695953849
46 64 -0.860782577683896
46 65 -0.500734235222479
46 144 0.960037019042307
46 145 -0.32861977467279
46 146 -0.159256216732102
46 150 -0.986668538906562
46 151 0.064094308805228
46 152 0.300719168207534
47 39 -0.975284965307427
47 40 0.119442405845928
47 41 -0.365084757990092
47 42 0.972396091988817
47 43 0.129353100456239
47 44 0.243910656984095
47 45 1.75800933672154e-17
47 46 1.26553339764693e-17
47 47 2.50276519626639
47 51 -0.0626132248005699
47 52 0.565961628475508
47 53 -0.487559499746482
47 60 0.974905125056045
47 61 -0.202663377054125
47 62 0.184725186311545
47 63 -0.973136529701605
47 64 0.00689746918635128
47 65 0.3863229171431
47 144 -0.279806901782945
47 145 -0.328184711138053
47 146 -0.903262950516388
47 150 0.162396630728116
47 151 0.944666503662929
47 152 0.297186989870234
48 27 -0.998991976604731
48 28 0.0412620051957401
48 29 -0.0176770361373056
48 30 0.0191517683753546
48 31 -0.865273025962177
48 32 -0.500934926223312
48 36 -0.0107827050264637
48 37 0.996365647212976
48 38 0.0844939662116772
48 48 2
48 49 1.26601506143363e-18
48 50 3.97471192509482e-19
48 51 -0.0133151737307171
48 52 -0.601647963559987
48 53 0.798650382891438
48 57 0.0155008821554786
48 58 0.864553493183099
48 59 -0.502301682335728
48 69 -0.999920083822378
48 70 0.0123921650177503
48 71 0.00250204213037882
48 126 -0.00159557654093398
48 127 0.447199954779857
48 128 -0.894432588058147
48 159 0.00542591775037766
48 160 -0.305595511912386
48 161 0.952145967021639
49 27 -0.0357390759418097
49 28 -0.724244277874172
49 29 -0.181791234566044
49 30 0.869884141090263
49 31 0.453405745576259
49 32 -0.309901349573338
49 36 -0.858470975794945
49 37 0.16289727627332
49 38 0.527036350804878
49 48 1.26601506143363e-18
49 49 2.50576139595398
49 50 9.10255486437361e-17
49 51 -0.86425698470911
49 52 -0.524428311765274
49 53 -0.136878573850799
49 57 0.859305187186781
49 58 0.059287391043348
49 59 0.559182067643665
49 69 0.00198317122225541
49 70 -0.031195403916332
49 71 0.747153039533622
49 126 -0.503451198204186
49 127 -0.716105941148846
49 128 -0.499029971227881
49 159 0.5179017828635
49 160 0.856498353789693
49 161 0.134441668500949
50 27 0.0271615376994464
50 28 0.180692964497583
50 29 -0.724867537646589
50 30 -0.492884155606317
50 31 0.321754784100738
50 32 -0.823933411177348
50 36 0.5127487854593
50 37 -0.195452166908015
50 38 0.842689006038403
50 48 3.97471192509482e-19
50 49 9.10255486437361e-17
50 50 2.50576139595398
50 51 0.502874308878508
50 52 -0.615846981927611
50 53 -0.614165960188174
50 57 -0.511228244452802
50 58 0.551552803846151
50 59 0.677357903930705
50 69 -0.0124857118560603
50 70 -0.747059268131906
50 71 -0.0311604560141825
50 126 -0.864022190202469
50 127 0.546907852400366
50 128 0.0314769679871349
50 159 0.855422879471536
50 160 -0.426304178223848
50 161 -0.368815498227933
51 42 0.00757269881012732
51 43 0.980850619889011
51 44 0.19461427413238
51 45 -0.997514010212341
51 46 -0.0323323910369492
51 47 -0.0626132248005699
51 48 -0.0133151737307171
51 49 -0.86425698470911
51 50 0.502874308878508
51 51 2
51 52 1.16233528081727e-18
51 53 9.6273874238023e-19
51 57 -0.9999504570702
51 58 -0.00298910928374401
51 59 -0.00949466327931661
51 63 -0.00377291745656578
51 64 0.577705384714553
51 65 -0.816236640665975
51 69 0.00532139633174728
51 70 -0.466517017950598
51 71 -0.884496215200247
51 150 0.0111515948551473
51 151 0.277362002558136
51 152 -0.960700765831446
51 159 -0.0175022909574629
51 160 -0.947890754068753
51 161 -0.31811442620889
52 42 0.592414315664355
52 43 -0.307015217795478
52 44 0.761967310707864
52 45 -0.026224224872114
52 46 -0.490655736391678
52 47 0.565961628475508
52 48 -0.601647963559987
52 49 -0.524428311765274
52 50 -0.615846981927611
52 51 1.16233528081727e-18
52 52 2.5018669471817
52 53 8.36000020515874e-17
52 57 0.00644067623152203
52 58 -0.690487974241493
52 59 -0.2908417917389
52 63 -0.594176835462918
52 64 0.740793301409029
52 65 0.344294979634332
52 69 0.609486955165329
52 70 0.775118654340443
52 71 -0.232035753725523
52 150 0.768110717825405
52 151 0.56048862919584
52 152 0.373403102944387
52 159 -0.801712906575076
52 160 0.0111564679452746
52 161 -0.623775172261225
53 42 -0.805597872904754
53 43 0.0883629138055355
53 44 0.622658001679604
53 45 0.0654071055769143
53 46 -0.565665496140512
53 47 -0.487559499746482
53 48 0.798650382891438
53 49 -0.136878573850799
53 50 -0.614165960188174
53 51 9.6273874238023e-19
53 52 8.35992435269657e-17
53 53 2.5018669471817
53 57 0.00758953850892697
53 58 0.290894223030703
53 59 -0.690454948606535
53 63 0.804325589107507
53 64 0.369628108491655
53 65 0.505292159857222
53 69 -0.792778237733842
53 70 0.444934121783277
53 71 -0.464633131786471
53 150 0.640219936501454
53 151 -0.787100651437209
53 152 -0.0508858006391272
53 159 -0.597452998353999
53 160 -0.386730566230054
53 161 0.712270711389525
54 33 -0.998342729554681
54 34 0.0568133566304003
54 35 -0.00916716170342101
54 36 0.0108567623131546
54 37 -0.996509816930117
54 38 -0.0827666326122946
54 54 2
54 55 -1.1101166736274e-18
54 56 2.20149682985548e-19
54 57 -0.015571923446206
54 58 -0.863680413001606
54 59 0.503799225284796
54 75 -0.999965826928329
54 76 0.00826493023174152
54 77 0.000189483001199533
54 135 -0.00542036318372951
54 136 0.247154075220358
54 137 -0.968961032634917
54 168 0.000146022801819268
54 169 -0.0893301023090668
54 170 0.996002064003279
55 33 -0.0563059682660999
55 34 -0.74631328216121
55 35 -0.0364022992653341
55 36 0.972732612729937
55 37 0.272638086399007
55 38 -0.210474612502083
55 54 -1.1101166736274e-18
55 55 2.5010236081809
55 56 -1.15399768733926e-17
55 57 -0.973073973220435
55 58 -0.312949100673179
55 59 -0.0826761190736181
55 75 0.00779747894893678
55 76 0.700901582183755
55 77 0.265119194013039
55 135 -0.229452183976833
55 136 -0.927914796447538
55 137 -0.294826720930861
55 168 0.238416261340863
55 169 0.972666406573003
55 170 0.0271006633019
56 33 0.0118925305518493
56 34 0.0356560596096951
56 35 -0.748247980893689
56 36 -0.231675192551265
56 37 0.0203840995522296
56 38 -0.977101605924179
56 54 2.20149682985548e-19
56 55 -1.15399768733926e-17
56 56 2.5010236081809
56 57 0.229966427639301
56 58 -0.441760829536895
56 59 -0.864577849391616
56 75 -0.00274668847599777
56 76 -0.265105922571959
56 77 0.700942206269949
56 135 -0.973304841728026
56 136 0.281100137213151
56 137 -0.174931395667125
56 168 0.971163047590665
56 169 -0.215677020787538
56 170 -0.264303342063158
57 48 0.0155008821554786
57 49 0.859305187186781
57 50 -0.511228244452802
57 51 -0.9999504570702
57 52 0.00644067623152203
57 53 0.00758953850892697
57 54 -0.015571923446206
57 55 -0.973073973220435
57 56 0.229966427639301
57 57 2
57 58 3.33540586126256e-19
57 59 1.49549487425994e-18
57 69 -0.00741244551294613
57 70 0.475096655610548
57 71 0.879902394291088
57 75 0.00735222134714216
57 76 -0.991597060496851
57 77 -0.129155775926851
57 159 0.00780345804252696
57 160 0.947293011676423
57 161 0.320273408311694
57 168 -0.00866403584948493
57 169 -0.994453012771523
57 170 -0.104824328628613
58 48 0.864553493183099
58 49 0.059287391043348
58 50 0.551552803846151
58 51 -0.00298910928374401
58 52 -0.690487974241493
58 53 0.290894223030703
58 54 -0.863680413001606
58 55 -0.312949100673179
58 56 -0.441760829536895
58 57 3.33540586126256e-19
58 58 2.50111388555931
58 59 -1.82974234366599e-16
58 69 -0.869473932724535
58 70 -0.333170033380346
58 71 0.420644828980383
58 75 0.86420470169285
58 76 0.286184260293038
58 77 -0.47100917866429
58 159 0.506927194201504
58 160 -0.401210701654972
58 161 0.776052350742236
58 168 -0.503851001879484
58 169 -0.0311323225038303
58 170 -0.869957068059492
59 48 -0.502301682335728
59 49 0.559182067643665
59 50 0.677357903930705
59 51 -0.00949466327931661
59 52 -0.2908417917389
59 53 -0.690454948606535
59 54 0.503799225284796
59 55 -0.0826761190736181
59 56 -0.864577849391616
59 57 1.49549487425994e-18
59 58 -1.82974234366599e-16
59 59 2.50111388555931
59 69 0.493923208569964
59 70 -0.820846417189495
59 71 0.306445414262522
59 75 -0.503086650998846
59 76 -0.0168729877384187
59 77 -0.875331738152896
59 159 0.86195355200937
59 160 -0.0491642414019568
59 161 -0.552805300109917
59 168 -0.863747128729144
59 169 -0.260963522158744
59 170 0.478051266421316
60 39 -0.99997648945145
60 40 0.00683055919891842
60 41 -0.000603328587567123
60 45 -0.0704958601479155
60 46 0.211164227182214
60 47 0.974905125056045
60 60 2
60 61 -1.96199094762777e-20
60 62 6.44820795265109e-20
60 66 0.0791633109772973
60 67 0.523662114637237
60 68 -0.848240036716476
60 144 -0.0696307831835733
60 145 -0.470391813475593
60 146 -0.879706255433247
60 177 0.0771013571669818
60 178 0.298821845117712
60 179 0.951189195482926
61 39 0.00360048125214893
61 40 0.446418602411741
61 41 0.59848869645879
61 45 -0.0287801344704036
61 46 0.960592682652529
61 47 -0.202663377054125
61 60 -1.96199094762777e-20
61 61 2.511041031879
61 62 1.60173930325788e-18
61 66 0.0210251381883943
61 67 -0.87145905856797
61 68 -0.529757100884506
61 144 0.997414651061274
61 145 0.0710628530205527
61 146 0.169997902863884
61 177 -0.996904010033031
61 178 0.11408624006045
61 179 0.310540766721597
62 39 -0.00583584433543545
62 40 -0.598462354204549
62 41 0.446431808126725
62 45 -0.997096804508905
62 46 0.0110179157013375
62 47 0.184725186311545
62 60 6.44820795265109e-20
62 61 1.71481820171633e-18
62 62 2.511041031879
62 66 0.996639911783224
62 67 -0.156271681697509
62 68 0.294087609653288
62 144 -0.0177642303959534
62 145 -0.867709600340673
62 146 0.460272555700794
62 177 0.0154199709166885
62 178 0.971019832054349
62 179 -0.310409542276632
63 42 -0.999990418239782
63 43 0.00415019856830644
63 44 -0.00139258050734623
63 45 0.0719539736942487
63 46 -0.218695953849
63 47 -0.973136529701605
63 51 -0.00377291745656578
63 52 -0.594176835462918
63 53 0.804325589107507
63 63 2
63 64 1.64427230036419e-18
63 65 -1.13954453435961e-18
63 66 -0.0805602985051116
63 67 -0.516995877907291
63 68 0.852188535789842
63 72 0.00325463034511095
63 73 0.315202061566304
63 74 0.949019002847503
63 150 0.0585096079353557
63 151 -0.960332738923998
63 152 -0.272649328497216
63 183 -0.0567022109003299
63 184 0.862607075339181
63 185 0.502686674633213
64 42 0.000421007973995896
64 43 0.305633412738518
64 44 0.684286633818531
64 45 -0.561615384288418
64 46 -0.860782577683896
64 47 0.00689746918635127
64 51 0.577705384714553
64 52 0.740793301409029
64 53 0.369628108491655
64 63 1.64427230036419e-18
64 64 2.5023856103493
64 65 3.48299947910968e-18
64 66 0.567678289831834
64 67 0.738918374838964
64 68 0.334681298186356
64 72 -0.561907059936607
64 73 0.830654626042093
64 74 -0.125512930905247
64 150 0.82136118479425
64 151 0.404580395815197
64 152 -0.484739041507141
64 183 -0.820120100817158
64 184 -0.144843073083816
64 185 0.566244946684569
65 42 -0.00435731349705697
65 43 -0.684274959759213
65 44 0.305630711108398
65 45 0.824263784112938
65 46 -0.500734235222479
65 47 0.3863229171431
65 51 -0.816236640665975
65 52 0.344294979634332
65 53 0.505292159857222
65 63 -1.13954453435961e-18
65 64 3.48299947910968e-18
65 65 2.5023856103493
65 66 -0.819299333307658
65 67 0.404375531641135
65 68 0.409270481372894
65 72 0.827193969619409
65 73 0.467481053571608
65 74 -0.376638312327456
65 150 0.567399709105176
65 151 -0.0573881133591809
65 152 0.851686594680428
65 183 -0.569374990243398
65 184 0.503645742005232
65 185 -0.643690394832467
66 60 0.0791633109772973
66 61 0.0210251381883943
66 62 0.996639911783224
66 63 -0.0805602985051116
66 64 0.567678289831834
66 65 -0.819299333307658
66 66 2
66 67 5.12933777163869e-18
66 68 -8.20025814091806e-18
66 72 -0.996964100646669
66 73 -0.015629741400297
66 74 -0.0762777372864372
66 177 0.000511712596780941
66 178 0.974805304330896
66 179 -0.22305684656286
66 183 0.00549212065590525
66 184 -0.571306554253207
66 185 0.820718379030243
67 60 0.523662114637237
67 61 -0.87145905856797
67 62 -0.156271681697509
67 63 -0.516995877907291
67 64 0.738918374838964
67 65 0.404375531641135
67 66 5.12933777163869e-18
67 67 2.5019757355057
67 68 -1.53660723417435e-16
67 72 0.0480004275489355
67 73 0.486261873877958
67 74 -0.569302602254705
67 177 0.888972447976912
67 178 -0.115909760949148
67 179 0.4963798546729
67 183 -0.824315443161784
67 184 -0.586217385433045
67 185 -0.150122830656083
68 60 -0.848240036716476
68 61 -0.529757100884506
68 62 0.294087609653288
68 63 0.852188535789842
68 64 0.334681298186356
68 65 0.409270481372894
68 66 -8.20025814091806e-18
68 67 -9.81495721861776e-17
68 68 2.5019757355057
68 72 -0.0613069406910699
68 73 0.570995476472709
68 74 0.482863422249207
68 177 0.457960396637258
68 178 -0.310659337669473
68 179 -0.840980239601148
68 183 -0.566104130682415
68 184 0.594421904090289
68 185 0.590926681698649
69 48 -0.999920083822378
69 49 0.00198317122225541
69 50 -0.0124857118560603
69 51 0.00532139633174728
69 52 0.609486955165329
69 53 -0.792778237733842
69 57 -0.00741244551294613
69 58 -0.869473932724535
69 59 0.493923208569964
69 69 2
69 70 5.26040948343054e-18
69 71 -1.58426812140002e-21
69 72 -0.004434262232445
69 73 -0.296919484290239
69 74 -0.954892222801753
69 78 0.00916853569846505
69 79 0.260971551912219
69 80 -0.965302950915242
69 159 -0.0150789598082038
69 160 0.313327509956498
69 161 -0.949525405913692
69 192 0.0119922823142499
69 193 -0.40119662946709
69 194 0.915913450970746
70 48 0.0123921650177503
70 49 -0.031195403916332
70 50 -0.747059268131906
70 51 -0.466517017950598
70 52 0.775118654340443
70 53 0.444934121783277
70 57 0.475096655610548
70 58 -0.333170033380346
70 59 -0.820846417189495
70 69 5.2604094834305e-18
70 70 2.50309690944891
70 71 9.30313226628343e-17
70 72 0.483426074128107
70 73 0.870351858255952
70 74 -0.145857208979189
70 78 -0.465760785617118
70 79 0.887835899025519
70 80 0.114455321380549
70 159 -0.876145996745411
70 160 0.520945298873026
70 161 -0.0468284124778496
70 192 0.878099410017092
70 193 -0.345542665078881
70 194 -0.407036727260091
71 48 0.00250204213037882
71 49 0.747153039533622
71 50 -0.0311604560141825
71 51 -0.884496215200247
71 52 -0.232035753725523
71 53 -0.464633131786471
71 57 0.879902394291088
71 58 0.420644828980383
71 59 0.306445414262522
71 69 -1.58426812137821e-21
71 70 9.39325657187129e-17
71 71 2.50309690944891
71 72 0.875373959043528
71 73 -0.397054528987156
71 74 0.34940098422258
71 78 -0.884863169385228
71 79 -0.390569310771085
71 80 -0.344157421775011
71 159 0.481809939040378
71 160 0.793154138555616
71 161 0.382012449223366
71 192 -0.478327932795619
71 193 -0.858021654729592
71 194 -0.236562063433466
72 63 0.00325463034511095
72 64 -0.561907059936607
72 65 0.827193969619409
72 66 -0.996964100646669
72 67 0.0480004275489355
72 68 -0.0613069406910699
72 69 -0.004434262232445
72 70 0.483426074128107
72 71 0.875373959043528
72 72 2
72 73 -2.92540721853473e-19
72 74 -6.88001948559927e-19
72 78 -0.999787739561832
72 79 0.020592086273863
72 80 0.000664683934485706
72 183 -0.0103368284725969
72 184 0.505777333830833
72 185 -0.862602132248757
72 192 0.00572715730181524
72 193 -0.914148182975024
72 194 -0.405339733103853
73 63 0.315202061566304
73 64 0.830654626042093
73 65 0.467481053571608
73 66 -0.015629741400297
73 67 0.486261873877958
73 68 0.570995476472709
