111 111 909
0 0 1
0 27 -0.0326843735318885
0 28 0.979675962646437
0 29 -0.197905886571381
0 66 -0.378206123908666
0 67 0.761507603562467
0 68 -0.526370874531001
1 1 1.25
1 2 4.6478391881738e-17
1 27 -0.757526073669695
1 28 0.0514167789644593
1 29 -0.669934461914639
1 66 0.88875335428104
1 67 -0.0610213641884087
1 68 -0.262554727524001
2 1 4.62276701293507e-17
2 2 1.25
2 27 0.651986180403699
2 28 -0.303164826507592
2 29 -0.705068778757331
2 66 0.258993442179881
2 67 0.51287848673628
2 68 0.691202351042743
3 3 1
4 4 1.25
4 5 -2.36220548330279e-17
5 4 3.25260651745651e-19
5 5 1.25
6 6 1
6 21 -0.902026193678812
6 22 0.429992756206514
6 23 0.0381441414537011
7 7 1.25
7 8 -2.10470746733749e-17
7 21 0.430877871579533
7 22 0.623577239122784
7 23 0.101587639305037
8 7 -2.10470746733749e-17
8 8 1.25
8 21 -0.026325001432226
8 22 -0.105005557676785
8 23 0.748029225859152
9 9 1
9 13 -0.00422325111384671
9 14 0.99999108203525
9 16 -0.0728905411692173
9 17 0.997339946561883
10 10 1.25
10 11 -1.09462067773673e-17
10 12 0.0621519162865252
10 13 0.998123420891877
10 14 -0.011322754198516
10 15 0.998066700828112
10 16 -0.0437991833813375
10 17 -0.253383234330105
11 10 -1.09766999634685e-17
11 11 1.25
11 12 -0.998066700828112
11 13 0.0610975904414352
11 14 0.249776933175799
11 15 0.0621519162865252
11 16 0.996544361772311
11 17 0.057252974729356
12 10 0.0621519162865252
12 11 -0.998066700828112
12 12 1
12 16 -0.997339946561883
12 17 -0.0728905411692173
13 9 -0.00422325111384671
13 10 0.998123420891877
13 11 0.0610975904414352
13 13 1.25
13 14 -8.44280090175724e-19
13 15 0.99999108203525
13 16 0.249640598139031
13 17 0.0140104557432839
14 9 0.99999108203525
14 10 -0.011322754198516
14 11 0.249776933175799
14 13 -8.44280090175724e-19
14 14 1.25
14 15 0.00422325111384671
14 16 -0.0718368868738902
14 17 0.99740801108419
15 10 0.998066700828112
15 11 0.0621519162865252
15 13 0.99999108203525
15 14 0.00422325111384671
15 15 1
16 9 -0.0728905411692173
16 10 -0.0437991833813375
16 11 0.996544361772311
16 12 -0.997339946561883
16 13 0.249640598139031
16 14 -0.0718368868738902
16 16 1.25
16 17 9.63923493975394e-19
17 9 0.997339946561883
17 10 -0.253383234330105
17 11 0.057252974729356
17 12 -0.0728905411692173
17 13 0.0140104557432839
17 14 0.99740801108419
17 16 9.55453164502851e-19
17 17 1.25
18 18 1
18 42 0.00367838159275488
18 43 0.416313956180322
18 44 -0.909213483951018
19 19 1.25
19 20 1.24751012471613e-17
19 42 -0.440680804713686
19 43 0.868115893890209
19 44 0.26244981542044
20 19 1.24751012471613e-17
20 20 1.25
20 42 -0.897656336169782
20 43 -0.296957116233661
20 44 -0.411057757073537
21 6 -0.902026193678812
21 7 0.430877871579533
21 8 -0.026325001432226
21 21 2
21 22 -4.06624311424753e-17
21 23 7.55030026666725e-17
21 33 -0.895760778168883
21 34 0.398038123331155
21 35 0.197935041539614
22 6 0.429992756206514
22 7 0.623577239122784
22 8 -0.105005557676785
22 21 -4.06624311424753e-17
22 22 2.58638692949909
22 23 9.95568644884814e-17
22 33 0.444444518860528
22 34 0.532847919931076
22 35 0.281719250364641
23 6 0.0381441414537011
23 7 0.101587639305037
23 8 0.748029225859152
23 21 7.55030026666725e-17
23 22 9.95568644884814e-17
23 23 2.58638692949909
23 33 -0.00903869178094628
23 34 -0.339269754065578
23 35 0.654734480515466
24 24 1
24 27 0.0326843735318885
24 28 -0.979675962646437
24 29 0.197905886571381
25 25 1.25
25 26 2.35881735151378e-17
25 27 0.301778691131833
25 28 0.281288137463541
25 29 0.924477381414237
26 25 4.04271885065532e-17
26 26 1.25
26 27 -0.952817586584959
26 28 -0.226446546796525
26 29 0.356544800741796
27 0 -0.0326843735318885
27 1 -0.757526073669695
27 2 0.651986180403699
27 24 0.0326843735318885
27 25 0.301778691131833
27 26 -0.952817586584959
27 27 2
27 28 1.58704980815435e-16
27 29 9.15493780845392e-17
27 66 -0.492032263586942
27 67 0.282021390229863
27 68 0.823631098880029
28 0 0.979675962646437
28 1 0.0514167789644593
28 2 -0.303164826507592
28 24 -0.979675962646437
28 25 0.281288137463541
28 26 -0.226446546796525
28 27 1.58704980815435e-16
28 28 2.60149306484083
28 29 1.53516251360369e-17
28 66 -0.54035715544122
28 67 0.593407219406888
28 68 -0.328118389665028
29 0 -0.197905886571381
29 1 -0.669934461914639
29 2 -0.705068778757331
29 24 0.197905886571381
29 25 0.924477381414237
29 26 0.356544800741796
29 27 9.15493780845393e-17
29 28 3.68730382598742e-17
29 29 2.60149306484083
29 66 -0.682582153409378
29 67 -0.548438657187686
29 68 0.0299817752542453
30 30 1
31 31 1.25
31 32 -2.26937067228372e-17
32 31 -2.26937067228372e-17
32 32 1.25
33 21 -0.895760778168883
33 22 0.444444518860528
33 23 -0.00903869178094628
33 33 2
33 34 6.18247067787029e-18
33 35 1.38196438372327e-18
34 21 0.398038123331155
34 22 0.532847919931076
34 23 -0.339269754065578
34 33 6.1824706778703e-18
34 34 2.58595358856144
34 35 2.01932654625425e-17
35 21 0.197935041539614
35 22 0.281719250364641
35 23 0.654734480515466
35 33 1.38196438372327e-18
35 34 3.96953520401255e-17
35 35 2.58595358856144
36 36 1
36 63 -0.00873761100225626
36 64 -0.567694584659969
36 65 0.823192876974599
37 37 1.25
37 38 1.04557747009071e-17
37 63 0.625805406881694
37 64 -0.546036507113436
37 65 -0.578770239615985
38 37 1.04557747009071e-17
38 38 1.25
38 63 -0.779930283340511
38 64 -0.631740195255429
38 65 -0.183653608336458
39 39 1
39 42 -0.00367838159275488
39 43 -0.416313956180322
39 44 0.909213483951018
39 54 -0.0035059175979692
39 55 -0.373987255390751
39 56 0.927427216199249
39 69 -0.350650337405429
39 70 0.906509954566758
39 71 -0.235125590161583
40 40 1.25
40 41 1.05879118406788e-17
40 42 0.552446636078604
40 43 0.819500477466215
40 44 0.210409114788906
40 54 0.820421916215683
40 55 0.612947815850661
40 56 0.00730720228495229
40 69 -0.910054488537367
40 70 -0.017822900249717
40 71 0.224934402201118
41 40 1.05879118406788e-17
41 41 1.25
41 42 -0.833540151279044
41 43 0.407654545446464
41 44 0.435351486229471
41 54 0.571747835968605
41 55 -0.70217844856903
41 56 -0.45031617295386
41 69 -0.221009431406104
41 70 -0.237798637703609
41 71 -0.845502089711278
42 18 0.00367838159275488
42 19 -0.440680804713686
42 20 -0.897656336169782
42 39 -0.00367838159275488
42 40 0.552446636078604
42 41 -0.833540151279044
42 42 2
42 43 1.28623711040414e-16
42 44 5.83418154756332e-17
42 54 -0.023322553805462
42 55 0.928580353701137
42 56 0.370397874189718
42 69 -0.317246480205758
42 70 0.117313769037257
42 71 0.941059057865834
43 18 0.416313956180322
43 19 0.868115893890209
43 20 -0.296957116233661
43 39 -0.416313956180322
43 40 0.819500477466215
43 41 0.407654545446464
43 42 1.28623711040414e-16
43 43 2.60477674318505
43 44 -7.75238434645026e-17
43 54 0.910461751873939
43 55 -0.0838330290715664
43 56 -0.475002121643764
43 69 -0.654252963006294
43 70 -0.650766296811478
43 71 0.0706676366081087
44 18 -0.909213483951018
44 19 0.26244981542044
44 20 -0.411057757073537
44 39 0.909213483951018
44 40 0.210409114788906
44 41 0.435351486229471
44 42 5.83418154756332e-17
44 43 -7.75238434645026e-17
44 44 2.60477674318505
44 54 0.412935172707084
44 55 -0.441980174104969
44 56 0.797280567638001
44 69 -0.686518558521576
44 70 0.617610567468905
44 71 -0.0879657838610994
45 45 1
45 75 -0.884300534737166
45 76 0.45439334808619
45 77 -0.107420898704974
46 46 1.25
46 47 -1.96935160236625e-18
46 75 0.465604708594914
46 76 0.605008100913989
46 77 -0.0846906166715942
47 46 -1.38659293465529e-18
47 47 1.25
47 75 -0.0349974227309249
47 76 0.129270054854841
47 77 0.745545371066851
48 48 1
49 49 1.25
49 50 9.16997868697506e-18
50 49 8.81422484912825e-18
50 50 1.25
51 51 1
51 54 0.0035059175979692
51 55 0.373987255390751
51 56 -0.927427216199249
51 93 -0.674286852811723
51 94 0.702590954119767
51 95 0.227383357601953
52 52 1.25
52 53 -2.17247010311783e-17
52 54 -0.409939749928332
52 55 0.889382966984467
52 56 0.235693014731654
52 93 0.182994801397378
52 94 -0.148795503101678
52 95 0.782507504590692
53 52 -2.17247010311783e-17
53 53 1.25
53 54 0.912105865549878
53 55 0.285673287202886
53 56 0.388765410020283
53 93 -0.715437029225352
53 94 -0.431890428563579
53 95 0.0726922892128455
54 39 -0.0035059175979692
54 40 0.820421916215683
54 41 0.571747835968605
54 42 -0.023322553805462
54 43 0.910461751873939
54 44 0.412935172707084
54 51 0.0035059175979692
54 52 -0.409939749928332
54 53 0.912105865549878
54 54 2
54 55 1.05003538393709e-16
54 56 -6.32728741715206e-17
54 69 -0.871760960292959
54 70 -0.410459089058407
54 71 -0.267499839847504
54 93 -0.729935148054401
54 94 -0.576902290812123
54 95 -0.36657663112987
55 39 -0.373987255390751
55 40 0.612947815850661
55 41 -0.70217844856903
55 42 0.928580353701137
55 43 -0.0838330290715664
55 44 -0.441980174104969
55 51 0.373987255390751
55 52 0.889382966984467
55 53 0.285673287202886
55 54 1.05003538393709e-16
55 55 2.60348896907445
55 56 7.98176086856672e-17
55 69 -0.182118934184244
55 70 -0.19600291236129
55 71 0.68873636187838
55 93 -0.368426177224096
55 94 -0.157241669937788
55 95 0.679358892566018
56 39 0.927427216199249
56 40 0.00730720228495229
56 41 -0.45031617295386
56 42 0.370397874189718
56 43 -0.475002121643764
56 44 0.797280567638001
56 51 -0.927427216199249
56 52 0.235693014731654
56 53 0.388765410020283
56 54 -6.32728741715206e-17
56 55 7.98176086856672e-17
56 56 2.60348896907445
56 69 -0.45482471560008
56 70 0.59277277088612
56 71 0.0593866395919933
56 93 0.575722877407906
56 94 -0.53123568005179
56 95 0.161126811943142
57 57 1
58 58 1.25
58 59 -1.68220743324704e-18
59 58 -4.15046144154607e-19
59 59 1.25
60 60 1
60 63 0.00873761100225626
60 64 0.567694584659969
60 65 -0.823192876974599
60 72 -0.348554525501732
60 73 0.883144102021661
60 74 0.313952604411265
61 61 1.25
61 62 3.68671090292434e-18
61 63 -0.286382922936181
61 64 0.836723033622217
61 65 0.478410023571618
61 72 0.930669919994485
61 73 0.0351476643836456
61 74 0.126436832506906
62 61 4.08608693755474e-18
62 62 1.25
62 63 0.958075401836673
62 64 0.0821458186186787
62 65 0.386560883399805
62 72 -0.111190119928536
62 73 -0.309492863395019
62 74 0.843680801490496
63 36 -0.00873761100225626
63 37 0.625805406881694
63 38 -0.779930283340511
63 60 0.00873761100225626
63 61 -0.286382922936181
63 62 0.958075401836673
63 63 2
63 64 -4.51033515541177e-17
63 65 1.9565182699776e-17
63 72 -0.376102024664512
63 73 -0.430269433290013
63 74 0.820618962624887
64 36 -0.567694584659969
64 37 -0.546036507113436
64 38 -0.631740195255429
64 60 0.567694584659969
64 61 0.836723033622217
64 62 0.0821458186186787
64 63 -4.51033515541176e-17
64 64 2.60379920471583
64 65 5.6134567480437e-17
64 72 0.511820784911822
64 73 0.635458878858464
64 74 0.380958283596666
65 36 0.823192876974599
65 37 -0.578770239615985
65 38 -0.183653608336458
65 60 -0.823192876974599
65 61 0.478410023571618
65 62 0.386560883399805
65 63 1.9565182699776e-17
65 64 6.37375352149916e-17
65 65 2.60379920471583
65 72 0.772390284231683
65 73 -0.463752173100624
65 74 -0.171062253944533
66 0 -0.378206123908666
66 1 0.88875335428104
66 2 0.258993442179881
66 27 -0.492032263586942
66 28 -0.54035715544122
66 29 -0.682582153409378
66 66 2
66 67 -1.26224929606026e-17
66 68 -9.34036394802502e-17
66 69 0.392787876419711
66 70 -0.470259211835441
66 71 -0.790299916374539
66 72 -0.512250468679302
66 73 -0.767461326793487
66 74 0.385490037762606
66 102 -0.577638311396666
66 103 -0.539293205415692
66 104 0.612777953094982
67 0 0.761507603562467
67 1 -0.0610213641884087
67 2 0.51287848673628
67 27 0.282021390229863
67 28 0.593407219406888
67 29 -0.548438657187686
67 66 -1.26224929606026e-17
67 67 2.60495970190435
67 68 6.35477998348066e-17
67 69 0.328373929695746
67 70 1.02492233620296
67 71 -0.321076671758363
67 72 -0.83899490760614
67 73 0.26665831724425
67 74 0.0684853152888129
67 102 -0.194711932585011
67 103 0.645021269517877
67 104 0.480226215875365
68 0 -0.526370874531001
68 1 -0.262554727524001
68 2 0.691202351042743
68 27 0.823631098880029
68 28 -0.328118389665028
68 29 0.0299817752542453
68 66 -9.34036394802502e-17
68 67 4.96700120269922e-17
68 68 2.60495970190435
68 69 0.85900421793718
68 70 -0.0113035923897999
68 71 0.762186649206908
68 72 -0.18354019273391
68 73 -0.330571586343887
68 74 -0.759280663269281
68 102 0.792730247004502
68 103 -0.0287826813869658
68 104 0.330678153555523
69 39 -0.350650337405429
69 40 -0.910054488537367
69 41 -0.221009431406104
69 42 -0.317246480205758
69 43 -0.654252963006294
69 44 -0.686518558521576
69 54 -0.871760960292959
69 55 -0.182118934184244
69 56 -0.45482471560008
69 66 0.392787876419711
69 67 0.328373929695746
69 68 0.85900421793718
69 69 2
69 70 -2.98988129639851e-17
69 71 6.47959527929633e-18
69 72 -0.634371628312325
69 73 -0.415736164347484
69 74 -0.651717790800598
69 102 0.390130977729492
69 103 -0.107084997861185
69 104 0.914511139051297
70 39 0.906509954566758
70 40 -0.017822900249717
70 41 -0.237798637703609
70 42 0.117313769037257
70 43 -0.650766296811478
70 44 0.617610567468905
70 54 -0.410459089058407
70 55 -0.19600291236129
70 56 0.59277277088612
70 66 -0.470259211835441
70 67 1.02492233620296
70 68 -0.0113035923897999
70 69 -2.98988129639851e-17
70 70 2.60404045762709
70 71 -3.01357381974135e-17
70 72 -0.470870696948392
70 73 0.651234553679763
70 74 -0.173528887062471
70 102 0.00684964929652993
70 103 1.11088546102192
70 104 0.124893879205495
71 39 -0.235125590161583
71 40 0.224934402201118
71 41 -0.845502089711278
71 42 0.941059057865834
71 43 0.0706676366081087
71 44 -0.0879657838610994
71 54 -0.267499839847504
71 55 0.68873636187838
71 56 0.0593866395919933
71 66 -0.790299916374539
71 67 -0.321076671758363
71 68 0.762186649206908
71 69 6.47959527929632e-18
71 70 -2.32019264911898e-17
71 71 2.60404045762709
71 72 0.6130688574277
71 73 0.273145005135005
71 74 -0.489191514474635
71 102 0.920733893435202
71 103 0.0722582660080126
71 104 -0.688595374387764
72 60 -0.348554525501732
72 61 0.930669919994485
72 62 -0.111190119928536
72 63 -0.376102024664512
72 64 0.511820784911822
72 65 0.772390284231683
72 66 -0.512250468679302
72 67 -0.83899490760614
72 68 -0.18354019273391
72 69 -0.634371628312325
72 70 -0.470870696948392
72 71 0.6130688574277
72 72 2
72 73 2.62426836391395e-17
72 74 -3.35978833968247e-17
72 102 0.313759953307831
72 103 -0.376603737870783
72 104 -0.87162165893352
73 60 0.883144102021661
73 61 0.0351476643836456
73 62 -0.309492863395019
73 63 -0.430269433290013
73 64 0.635458878858464
73 65 -0.463752173100624
73 66 -0.767461326793487
73 67 0.26665831724425
73 68 -0.330571586343887
73 69 -0.415736164347484
73 70 0.651234553679763
73 71 0.273145005135005
73 72 2.62426836391395e-17
73 73 2.59426567861985
73 74 2.05981472113301e-17
73 102 0.0675180645700376
73 103 1.01907678311558
73 104 -0.392790260059966
74 60 0.313952604411265
74 61 0.126436832506906
74 62 0.843680801490496
74 63 0.820618962624887
74 64 0.380958283596666
74 65 -0.171062253944533
74 66 0.385490037762606
74 67 0.0684853152888129
74 68 -0.759280663269281
74 69 -0.651717790800598
74 70 -0.173528887062471
74 71 -0.489191514474635
74 72 -3.35978833968247e-17
74 73 7.97871154995661e-17
74 74 2.59426567861985
74 102 -0.947098729096911
74 103 -0.17131004342645
74 104 -0.592627807833967
75 45 -0.884300534737166
75 46 0.465604708594914
75 47 -0.0349974227309249
75 75 2
75 76 9.23970225405623e-18
75 77 -2.54645868322765e-18
76 45 0.45439334808619
76 46 0.605008100913989
76 47 0.129270054854841
76 75 9.23970225405623e-18
76 76 2.60201745305576
76 77 -1.86906290141134e-17
77 45 -0.107420898704974
77 46 -0.0846906166715942
77 47 0.745545371066851
77 75 -2.54645868322765e-18
77 76 -4.37390873303176e-17
77 77 2.60201745305576
78 78 1
79 79 1.25
79 80 6.5204596279636e-18
80 79 9.14795583034644e-18
80 80 1.25
81 81 1
81 90 -0.999459566765823
81 91 0.0304795019095061
81 92 0.0123115540701225
82 82 1.25
82 83 -1.13502414932076e-17
82 90 -0.0286196303348265
82 91 -0.722956395506768
82 92 0.0951180442778801
83 82 -1.13502414932076e-17
83 83 1.25
83 90 -0.0161706882899589
83 91 -0.0945809947188586
83 92 -0.723384157225776
84 84 1
84 96 -0.674215920235059
84 97 0.506443687151608
84 98 -0.537538542474748
85 85 1.25
85 86 7.3861273000575e-19
85 96 0.734117860389758
85 97 0.207544062662023
85 98 -0.350031278270344
86 85 7.3861273000575e-19
86 86 1.25
86 96 0.0806465123756542
86 97 0.619392248635404
86 98 0.523628879076193
87 87 1
88 88 1.25
88 89 -1.88956109873489e-17
89 88 -1.91327802125801e-17
89 89 1.25
90 81 -0.999459566765823
90 82 -0.0286196303348265
90 83 -0.0161706882899589
90 90 2
90 91 -5.06406130330645e-19
90 92 1.31408227448457e-18
90 105 -0.998061416810836
90 106 0.055417399256267
90 107 0.0283252561015565
91 81 0.0304795019095061
91 82 -0.722956395506768
91 83 -0.0945809947188586
91 90 -5.06406130330644e-19
91 91 2.58509790613078
91 92 -4.64546749592148e-17
91 105 0.0618719075982921
91 106 0.587114101350244
91 107 0.38568241850277
92 81 0.0123115540701225
92 82 0.0951180442778801
92 83 -0.723384157225776
92 90 1.31408227448457e-18
92 91 -4.96632357634141e-17
92 92 2.58509790613078
92 105 -0.00672869405573316
92 106 -0.386577042887537
92 107 0.589461056373231
93 51 -0.674286852811723
93 52 0.182994801397378
93 53 -0.715437029225352
93 54 -0.729935148054401
93 55 -0.368426177224096
93 56 0.575722877407906
93 93 2
93 94 2.65511735473418e-17
93 95 1.88912508557033e-18
93 96 -0.0106662677482236
93 97 -0.352350587497227
93 98 0.935807295452799
93 108 -0.82679998303675
93 109 0.13968681451577
93 110 0.544875565520116
94 51 0.702590954119767
94 52 -0.148795503101678
94 53 -0.431890428563579
94 54 -0.576902290812123
94 55 -0.157241669937788
94 56 -0.53123568005179
94 93 2.65511735473418e-17
94 94 2.59734480746368
94 95 -1.59174431448028e-17
94 96 -0.759261113563676
94 97 0.529555848904264
94 98 0.434374982595918
94 108 0.457748345309345
94 109 -0.316887952164292
94 110 0.523866109329413
95 51 0.227383357601953
95 52 0.782507504590692
95 53 0.0726922892128455
95 54 -0.36657663112987
95 55 0.679358892566018
95 56 0.161126811943142
95 93 1.88912508557033e-18
95 94 -1.59174431448028e-17
95 95 2.59734480746368
95 96 -0.650698695374725
95 97 -0.774738220633219
95 98 -0.0903177742835704
95 108 -0.326907082237425
95 109 -0.668852483062263
95 110 -0.144638042312118
96 84 -0.674215920235059
96 85 0.734117860389758
96 86 0.0806465123756542
96 93 -0.0106662677482236
96 94 -0.759261113563676
96 95 -0.650698695374725
96 96 2
96 97 -1.13249171091378e-16
96 98 3.79315676713604e-17
96 108 -0.126013636477556
96 109 0.889670512596828
96 110 -0.438870074666067
97 84 0.506443687151608
97 85 0.207544062662023
97 86 0.619392248635404
97 93 -0.352350587497227
97 94 0.529555848904264
97 95 -0.774738220633219
97 96 -1.13249171091378e-16
97 97 2.60384291450678
97 98 -9.29838888177881e-17
97 108 0.802899153575497
97 109 0.122545339763961
97 110 0.569561328695072
98 84 -0.537538542474748
98 85 -0.350031278270344
98 86 0.523628879076193
98 93 0.935807295452799
98 94 0.434374982595918
98 95 -0.0903177742835704
98 96 3.79315676713604e-17
98 97 -9.29838888177881e-17
98 98 2.60384291450678
98 108 -0.582643555365931
98 109 0.436907904116714
98 110 0.652650153468984
99 99 1
99 102 -0.347078383776285
99 103 0.929258185964618
99 104 -0.126553622362181
100 100 1.25
100 101 2.28902183666002e-17
100 102 -0.417538776830817
100 103 -0.141114437520017
100 104 -0.798230184702809
101 100 1.36067372646931e-17
101 101 1.25
101 102 -0.839760659567872
101 103 -0.00964226061160329
101 104 0.407757944549204
102 66 -0.577638311396666
102 67 -0.194711932585011
102 68 0.792730247004502
102 69 0.390130977729492
102 70 0.00684964929652993
102 71 0.920733893435202
102 72 0.313759953307831
102 73 0.0675180645700376
102 74 -0.947098729096911
102 99 -0.347078383776285
102 100 -0.417538776830817
102 101 -0.839760659567872
102 102 2
102 103 -1.18265443575689e-17
102 104 -4.24445677932421e-18
103 66 -0.539293205415692
103 67 0.645021269517877
103 68 -0.0287826813869658
103 69 -0.107084997861185
103 70 1.11088546102192
103 71 0.0722582660080126
103 72 -0.376603737870783
103 73 1.01907678311558
103 74 -0.17131004342645
103 99 0.929258185964618
103 100 -0.141114437520017
103 101 -0.00964226061160327
103 102 -1.18265443575689e-17
103 103 2.60481765808272
103 104 1.8505975831612e-17
104 66 0.612777953094982
104 67 0.480226215875365
104 68 0.330678153555523
104 69 0.914511139051297
104 70 0.124893879205495
104 71 -0.688595374387764
104 72 -0.87162165893352
104 73 -0.392790260059966
104 74 -0.592627807833967
104 99 -0.126553622362181
104 100 -0.798230184702809
104 101 0.407757944549204
104 102 -4.24445677932421e-18
104 103 3.50197301712818e-17
104 104 2.60481765808272
105 90 -0.998061416810836
105 91 0.0618719075982921
105 92 -0.00672869405573316
105 105 2
105 106 -6.27760046807353e-18
105 107 2.18325913398292e-19
106 90 0.055417399256267
106 91 0.587114101350244
106 92 -0.386577042887537
106 105 -6.27760046807353e-18
106 106 2.59747927414465
106 107 -7.75204553327136e-17
107 90 0.0283252561015565
107 91 0.38568241850277
107 92 0.589461056373231
107 105 2.18325913398292e-19
107 106 -7.75204553327136e-17
107 107 2.59747927414465
108 93 -0.82679998303675
108 94 0.457748345309345
108 95 -0.326907082237425
108 96 -0.126013636477556
108 97 0.802899153575497
108 98 -0.582643555365931
108 108 2
108 109 -1.8898195725836e-16
108 110 -1.02519889851599e-17
109 93 0.13968681451577
109 94 -0.316887952164292
109 95 -0.668852483062263
109 96 0.889670512596828
109 97 0.122545339763961
109 98 0.436907904116714
109 108 -1.8898195725836e-16
109 109 2.60236023819689
109 110 -1.6937270813297e-17
110 93 0.544875565520116
110 94 0.523866109329413
110 95 -0.144638042312118
110 96 -0.438870074666067
110 97 0.569561328695072
110 98 0.652650153468984
110 108 -1.02519889851599e-17
110 109 -1.6937270813297e-17
110 110 2.60236023819689

